              |Speed |         |         |Coef. of
   Altitude   |  of  | Dynamic |Kinematic|thermal
              |sound |viscosity|viscosity|conduct.
-------+------+------+---------+---------+---------
   Z   |   H  | C_s  |   mu    |   eta   |   k_t
  (m)  |  (m) |(m/s) |(Ns/m^2) | (m^2/s) |(W/m 1/K)
-------+------+------+---------+---------+---------
  -5000  -5004 358.99 1.9422e-5 1.0058e-5 2.7842e-2
  -4500  -4503 357.16 1.9273e-5 1.0423e-5 2.7594e-2
  -4000  -4003 355.32 1.9123e-5 1.0806e-5 2.7345e-2
  -3500  -3502 353.48 1.8972e-5 1.1206e-5 2.7095e-2
  -3000  -3001 351.63 1.8820e-5 1.1625e-5 2.6845e-2
  -2500  -2501 349.76 1.8668e-5 1.2065e-5 2.6594e-2
  -2000  -2001 347.89 1.8515e-5 1.2525e-5 2.6342e-2
  -1500  -1500 346.00 1.8361e-5 1.3009e-5 2.6089e-2
  -1000  -1000 344.11 1.8206e-5 1.3516e-5 2.5835e-2
   -500   -500 342.21 1.8050e-5 1.4048e-5 2.5581e-2

      0      0 340.29 1.7894e-5 1.4607e-5 2.5326e-2
    500    500 338.37 1.7737e-5 1.5195e-5 2.5070e-2
   1000   1000 336.43 1.7579e-5 1.5813e-5 2.4813e-2
   1500   1500 334.49 1.7420e-5 1.6463e-5 2.4556e-2
   2000   1999 332.53 1.7260e-5 1.7147e-5 2.4298e-2
   2500   2499 330.56 1.7099e-5 1.7868e-5 2.4039e-2
   3000   2999 328.58 1.6938e-5 1.8628e-5 2.3779e-2
   3500   3498 326.59 1.6775e-5 1.9429e-5 2.3518e-2
   4000   3997 324.59 1.6612e-5 2.0275e-5 2.3257e-2
   4500   4497 322.57 1.6448e-5 2.1167e-5 2.2995e-2

   5000   4996 320.55 1.6282e-5 2.2110e-5 2.2732e-2
   5500   5495 318.51 1.6116e-5 2.3107e-5 2.2468e-2
   6000   5994 316.45 1.5949e-5 2.4162e-5 2.2204e-2
   6500   6493 314.39 1.5781e-5 2.5278e-5 2.1938e-2
   7000   6992 312.31 1.5612e-5 2.6461e-5 2.1672e-2
   7500   7491 310.21 1.5442e-5 2.7714e-5 2.1405e-2
   8000   7990 308.11 1.5271e-5 2.9044e-5 2.1138e-2
   8500   8489 305.98 1.5099e-5 3.0457e-5 2.0869e-2
   9000   8987 303.85 1.4926e-5 3.1957e-5 2.0600e-2
   9500   9486 301.70 1.4752e-5 3.3553e-5 2.0330e-2

  10000   9984 299.53 1.4577e-5 3.5251e-5 2.0059e-2
  10500  10483 297.35 1.4400e-5 3.7060e-5 1.9787e-2
  11000  10981 295.15 1.4223e-5 3.8988e-5 1.9515e-2
  11500  11479 295.07 1.4216e-5 4.2131e-5 1.9505e-2
  12000  11977 295.07 1.4216e-5 4.5574e-5 1.9505e-2
  12500  12475 295.07 1.4216e-5 4.9297e-5 1.9505e-2
  13000  12973 295.07 1.4216e-5 5.3325e-5 1.9505e-2
  13500  13471 295.07 1.4216e-5 5.7680e-5 1.9505e-2
  14000  13969 295.07 1.4216e-5 6.2391e-5 1.9505e-2
  14500  14467 295.07 1.4216e-5 6.7485e-5 1.9505e-2

  15000  14965 295.07 1.4216e-5 7.2995e-5 1.9505e-2
  15500  15462 295.07 1.4216e-5 7.8953e-5 1.9505e-2
  16000  15960 295.07 1.4216e-5 8.5397e-5 1.9505e-2
  16500  16457 295.07 1.4216e-5 9.2366e-5 1.9505e-2
  17000  16955 295.07 1.4216e-5 9.9902e-5 1.9505e-2
  17500  17452 295.07 1.4216e-5 1.0805e-4 1.9505e-2
  18000  17949 295.07 1.4216e-5 1.1686e-4 1.9505e-2
  18500  18446 295.07 1.4216e-5 1.2639e-4 1.9505e-2
  19000  18943 295.07 1.4216e-5 1.3670e-4 1.9505e-2
  19500  19440 295.07 1.4216e-5 1.4784e-4 1.9505e-2

  20000  19937 295.07 1.4216e-5 1.5989e-4 1.9505e-2
  20500  20434 295.37 1.4240e-5 1.7355e-4 1.9541e-2
  21000  20931 295.70 1.4267e-5 1.8843e-4 1.9583e-2
  21500  21428 296.04 1.4294e-5 2.0455e-4 1.9625e-2
  22000  21924 296.38 1.4322e-5 2.2201e-4 1.9667e-2
  22500  22421 296.71 1.4349e-5 2.4090e-4 1.9708e-2
  23000  22917 297.05 1.4376e-5 2.6135e-4 1.9750e-2
  23500  23413 297.39 1.4403e-5 2.8349e-4 1.9792e-2
  24000  23910 297.72 1.4430e-5 3.0743e-4 1.9833e-2
  24500  24406 298.05 1.4457e-5 3.3333e-4 1.9875e-2

  25000  24902 298.39 1.4484e-5 3.6135e-4 1.9917e-2
  25500  25398 298.72 1.4511e-5 3.9164e-4 1.9958e-2
  26000  25894 299.06 1.4538e-5 4.2439e-4 2.0000e-2
  26500  26390 299.39 1.4565e-5 4.5979e-4 2.0041e-2
  27000  26886 299.72 1.4592e-5 4.9805e-4 2.0083e-2
  27500  27382 300.05 1.4619e-5 5.3939e-4 2.0124e-2
  28000  27877 300.39 1.4646e-5 5.8405e-4 2.0166e-2
  28500  28373 300.72 1.4673e-5 6.3228e-4 2.0207e-2
  29000  28868 301.05 1.4699e-5 6.8437e-4 2.0249e-2
  29500  29364 301.38 1.4726e-5 7.4062e-4 2.0290e-2

  30000  29859 301.71 1.4753e-5 8.0134e-4 2.0331e-2
  30500  30354 302.04 1.4779e-5 8.6687e-4 2.0373e-2
  31000  30850 302.37 1.4806e-5 9.3759e-4 2.0414e-2
  31500  31345 302.70 1.4833e-5 1.0139e-3 2.0455e-2
  32000  31840 303.02 1.4859e-5 1.0962e-3 2.0496e-2
  32500  32335 303.75 1.4918e-5 1.1906e-3 2.0588e-2
  33000  32830 304.67 1.4992e-5 1.2955e-3 2.0703e-2
  33500  33324 305.58 1.5066e-5 1.4088e-3 2.0818e-2
  34000  33819 306.49 1.5140e-5 1.5312e-3 2.0933e-2
  34500  34314 307.40 1.5214e-5 1.6635e-3 2.1048e-2

  35000  34808 308.30 1.5287e-5 1.8062e-3 2.1162e-2
  35500  35303 309.20 1.5360e-5 1.9603e-3 2.1277e-2
  36000  35797 310.10 1.5433e-5 2.1264e-3 2.1391e-2
  36500  36292 310.99 1.5506e-5 2.3054e-3 2.1505e-2
  37000  36786 311.89 1.5578e-5 2.4983e-3 2.1619e-2
  37500  37280 312.78 1.5651e-5 2.7061e-3 2.1733e-2
  38000  37774 313.67 1.5723e-5 2.9298e-3 2.1846e-2
  38500  38268 314.55 1.5795e-5 3.1704e-3 2.1959e-2
  39000  38762 315.43 1.5866e-5 3.4293e-3 2.2073e-2
  39500  39256 316.31 1.5938e-5 3.7076e-3 2.2186e-2

  40000  39750 317.19 1.6009e-5 4.0067e-3 2.2299e-2
  40500  40244 318.06 1.6080e-5 4.3279e-3 2.2411e-2
  41000  40737 318.94 1.6151e-5 4.6729e-3 2.2524e-2
  41500  41231 319.81 1.6222e-5 5.0432e-3 2.2636e-2
  42000  41724 320.67 1.6293e-5 5.4404e-3 2.2748e-2
  42500  42218 321.54 1.6363e-5 5.8665e-3 2.2860e-2
  43000  42711 322.40 1.6433e-5 6.3233e-3 2.2972e-2
  43500  43204 323.26 1.6504e-5 6.8127e-3 2.3084e-2
  44000  43698 324.12 1.6573e-5 7.3371e-3 2.3195e-2
  44500  44191 324.97 1.6643e-5 7.8986e-3 2.3307e-2

  45000  44684 325.82 1.6713e-5 8.4996e-3 2.3418e-2
  45500  45177 326.67 1.6782e-5 9.1427e-3 2.3529e-2
  46000  45670 327.52 1.6851e-5 9.8305e-3 2.3640e-2
  46500  46162 328.37 1.6920e-5 1.0566e-2 2.3751e-2
  47000  46655 329.21 1.6989e-5 1.1352e-2 2.3861e-2
  47500  47148 329.80 1.7037e-5 1.2159e-2 2.3938e-2
  48000  47640 329.80 1.7037e-5 1.2939e-2 2.3938e-2
  48500  48133 329.80 1.7037e-5 1.3769e-2 2.3938e-2
  49000  48625 329.80 1.7037e-5 1.4652e-2 2.3938e-2
  49500  49118 329.80 1.7037e-5 1.5591e-2 2.3938e-2

  50000  49610 329.80 1.7037e-5 1.6591e-2 2.3938e-2
  50500  50102 329.80 1.7037e-5 1.7654e-2 2.3938e-2
  51000  50594 329.80 1.7037e-5 1.8786e-2 2.3938e-2
  51500  51086 329.65 1.7025e-5 1.9958e-2 2.3919e-2
  52000  51578 328.81 1.6956e-5 2.1047e-2 2.3809e-2
  52500  52070 327.97 1.6887e-5 2.2203e-2 2.3698e-2
  53000  52562 327.12 1.6819e-5 2.3427e-2 2.3588e-2
  53500  53053 326.28 1.6750e-5 2.4726e-2 2.3477e-2
  54000  53545 325.43 1.6680e-5 2.6104e-2 2.3366e-2
  54500  54037 324.58 1.6611e-5 2.7565e-2 2.3255e-2

  55000  54528 323.72 1.6541e-5 2.9117e-2 2.3144e-2
  55500  55020 322.87 1.6472e-5 3.0765e-2 2.3033e-2
  56000  55511 322.01 1.6402e-5 3.2514e-2 2.2922e-2
  56500  56002 321.15 1.6332e-5 3.4373e-2 2.2810e-2
  57000  56493 320.29 1.6262e-5 3.6349e-2 2.2699e-2
  57500  56985 319.43 1.6191e-5 3.8449e-2 2.2587e-2
  58000  57476 318.56 1.6121e-5 4.0682e-2 2.2475e-2
  58500  57967 317.69 1.6050e-5 4.3058e-2 2.2363e-2
  59000  58457 316.82 1.5979e-5 4.5585e-2 2.2251e-2
  59500  58948 315.95 1.5908e-5 4.8276e-2 2.2139e-2

  60000  59439 315.07 1.5837e-5 5.1141e-2 2.2027e-2
  60500  59930 314.20 1.5766e-5 5.4192e-2 2.1914e-2
  61000  60420 313.32 1.5694e-5 5.7444e-2 2.1801e-2
  61500  60911 312.43 1.5623e-5 6.0909e-2 2.1689e-2
  62000  61401 311.55 1.5551e-5 6.4604e-2 2.1576e-2
  62500  61891 310.66 1.5479e-5 6.8545e-2 2.1463e-2
  63000  62382 309.77 1.5407e-5 7.2750e-2 2.1350e-2
  63500  62872 308.88 1.5334e-5 7.7238e-2 2.1236e-2
  64000  63362 307.99 1.5262e-5 8.2030e-2 2.1123e-2
  64500  63852 307.09 1.5189e-5 8.7148e-2 2.1009e-2

  65000  64342 306.19 1.5116e-5 9.2617e-2 2.0896e-2
  65500  64832 305.29 1.5043e-5 9.8463e-2 2.0782e-2
  66000  65322 304.39 1.4970e-5 1.0471e-1 2.0668e-2
  66500  65812 303.48 1.4896e-5 1.1140e-1 2.0554e-2
  67000  66301 302.57 1.4823e-5 1.1856e-1 2.0439e-2
  67500  66791 301.66 1.4749e-5 1.2622e-1 2.0325e-2
  68000  67280 300.75 1.4675e-5 1.3442e-1 2.0211e-2
  68500  67770 299.83 1.4601e-5 1.4321e-1 2.0096e-2
  69000  68259 298.91 1.4526e-5 1.5263e-1 1.9981e-2
  69500  68748 297.99 1.4452e-5 1.6274e-1 1.9866e-2

  70000  69238 297.06 1.4377e-5 1.7357e-1 1.9751e-2
  70500  69727 296.13 1.4302e-5 1.8520e-1 1.9636e-2
  71000  70216 295.20 1.4227e-5 1.9769e-1 1.9521e-2
  71500  70705 294.27 1.4152e-5 2.1110e-1 1.9406e-2
  72000  71194 293.44 1.4085e-5 2.2581e-1 1.9303e-2
  72500  71682 292.77 1.4031e-5 2.4211e-1 1.9221e-2
  73000  72171 292.10 1.3976e-5 2.5967e-1 1.9138e-2
  73500  72660 291.42 1.3922e-5 2.7859e-1 1.9055e-2
  74000  73148 290.75 1.3868e-5 2.9897e-1 1.8973e-2
  74500  73637 290.07 1.3813e-5 3.2095e-1 1.8890e-2

  75000  74125 289.40 1.3759e-5 3.4465e-1 1.8807e-2
  75500  74614 288.72 1.3704e-5 3.7022e-1 1.8724e-2
  76000  75102 288.04 1.3650e-5 3.9782e-1 1.8641e-2
  76500  75590 287.35 1.3595e-5 4.2761e-1 1.8558e-2
  77000  76078 286.67 1.3540e-5 4.5979e-1 1.8475e-2
  77500  76567 285.99 1.3485e-5 4.9455e-1 1.8392e-2
  78000  77055 285.30 1.3430e-5 5.3211e-1 1.8309e-2
  78500  77542 284.61 1.3374e-5 5.7272e-1 1.8225e-2
  79000  78030 283.92 1.3319e-5 6.1664e-1 1.8142e-2
  79500  78518 283.23 1.3264e-5 6.6415e-1 1.8059e-2

  80000  79006 282.54 1.3208e-5 7.1557e-1 1.7975e-2
  80500  79493 281.84 1.3152e-5 7.7125e-1 1.7891e-2
  81000  79981 281.15 1.3097e-5 8.3154e-1 1.7808e-2
  81500  80468 280.45 1.3041e-5 8.9686e-1 1.7724e-2
  82000  80956 279.75 1.2984e-5 9.6765e-1 1.7640e-2
  82500  81443 279.05 1.2928e-5 1.0444e+0 1.7555e-2
  83000  81930 278.35 1.2871e-5 1.1277e+0 1.7471e-2
  83500  82417 277.64 1.2814e-5 1.2180e+0 1.7386e-2
  84000  82904 276.94 1.2758e-5 1.3161e+0 1.7302e-2
  84500  83391 276.23 1.2701e-5 1.4225e+0 1.7217e-2

  85000  83878 275.52 1.2644e-5 1.5382e+0 1.7132e-2
  85500  84365 274.81 1.2586e-5 1.6640e+0 1.7047e-2
